%ANPP for foilage				
function y=biom(No)				
y=[				
365	251.9842917	263.1030833	201.4091667	261.5058333
730	211.1454	243.3184667	158.7591667	224.3491667
1095	372.5015167	387.4926667	338.8075	386.9358333
1460	253.672925	257.807625	157.9408333	190.4116667
1825	205.4688333	228.0448333	110.4891667	116.41
2190	232.9415595	296.5834	255.8116667	343.6783333
2555	276.9906826	382.44	277.8633333	345.235
2920	199.520375	299.5118483	219.4516667	324.155
3285	146.2683333	243.9085	127.85	234.7475
3650	176.0987333	207.4057667	167.1841667	221.3325
4015	260.114175	358.8891667	236.26	316.9316667
4380	389.4934038	400.8023879	333.985	486.4666667
4745	176.269226	262.5380529	132.2583333	257.0183333
5110	261.058296	474.225646	233.9808333	391.6566667
5475	168.951638	595.7071868	210.2916667	322.3625
5840	233.6050396	479.920639	222.5766667	386.8266667
];				
