%BNPP for root				
function y=root(No)				
y=[				
365     0 0 0 0
730     0 0 0 0
1095    0 0 0 0
1460	279.0996971	397.4644646	297.729631	442.836116
1825	255.0619072	303.6032349	277.8318264	398.6029602
2190	335.3452785	502.335467	370.2828732	702.6848809
2555	321.8786825	465.1894489	365.3278283	598.5254381
2920	302.6717382	453.2637037	308.9981533	559.9976999
3285	319.3093041	451.2195859	337.8357384	564.8104328
3650    0 0 0 0
4015	229.756247	217.4915406	159.5834961	153.7228294
4380	242.6083139	412.0967248	199.3402925	226.3381716
4745	230.3384324	226.3666341	459.5901187	233.3011094
5110	164.8878522	114.2247821	95.81995988	126.5929882
5475	160.8772415	199.8577906	172.8443865	228.4495641
5840	552.7139132	617.9316192	568.1871083	671.5056166
];				