%parameters_CC
function y=mlepars_CC_tot(No)
y=[
0.004921254	0.003597929	0.001616549	0.004264942	0.007995435	0.002764398	0.003020372	0.004567113	0.006185443	0.005668932	0.00139403	0.00220778	0.003715973	0.001191607	0.002414173	0.002156967
0.000472772	0.000392853	0.000400834	0.000421882	0.000506588	0.000495891	0.000478616	0.000390611	0.000467687	0.000407142	0.000655335	0.000421653	0.000425518	0.000783245	0.000666381	0.000368398
0.00499098	0.005006004	0.004297017	0.004595565	0.00473696	0.004204706	0.003980806	0.004004921	0.003779322	0.004397054	0.004684068	0.003903414	0.004397712	0.003675859	0.004390096	0.004513682
0.003318688	0.003347797	0.003149504	0.003162447	0.003019847	0.002649396	0.003295029	0.003144885	0.002785447	0.002967056	0.003688149	0.003143978	0.003147121	0.002641997	0.003622782	0.003223981
0.000249827	0.000213317	0.000260125	0.000275599	0.000220461	0.000283242	0.000228834	0.000309436	0.000234653	0.000216618	0.000119081	0.000267171	0.0002024	0.00012637	0.000326837	0.000288166
5.31E-06	4.88E-06	4.79E-06	5.08E-06	5.24E-06	4.64E-06	5.29E-06	6.37E-06	5.17E-06	5.01E-06	5.42E-06	4.41E-06	4.46E-06	4.92E-06	4.41E-06	5.06E-06
0.30061795	0.287211714	0.320767491	0.34055135	0.317940444	0.350980687	0.379726104	0.384796805	0.398746449	0.315662744	0.359970501	0.361352733	0.357188345	0.40731003	0.390060748	0.381443041
0.103441294	0.100733919	0.09903749	0.099277009	0.098612655	0.096545558	0.097721569	0.102809151	0.095933113	0.097804626	0.096046718	0.100845585	0.098064238	0.101770193	0.099210523	0.101249082
0.481628837	0.452003659	0.412428119	0.398036752	0.435703713	0.453401198	0.443307608	0.392828936	0.482675351	0.447476544	0.440086449	0.459583793	0.439549706	0.468833508	0.383123647	0.43160893
0.003672001	0.004124951	0.004404872	0.003658221	0.005097678	0.00344278	0.004214745	0.004387703	0.004608258	0.004536635	0.003805809	0.0036064	0.00436684	0.00444753	0.003544537	0.004767526
0.333431856	0.33893777	0.331870184	0.355074242	0.350402083	0.300559409	0.360535256	0.343180868	0.335611778	0.362855638	0.343691562	0.35360127	0.329723371	0.324423938	0.369266534	0.361001251
0.110534814	0.112002481	0.102011036	0.098861957	0.106403865	0.090055511	0.09709641	0.123628423	0.09967743	0.098672408	0.101853827	0.090921543	0.094931731	0.108885658	0.09103736	0.093198619
0.499621422	0.508725751	0.508672465	0.467507169	0.521142479	0.465066411	0.492818852	0.514517777	0.487175927	0.491280559	0.493070465	0.493401638	0.525071943	0.561760837	0.494843229	0.495953114
0.281302726	0.301629363	0.313609899	0.331432319	0.264312728	0.362625625	0.324462326	0.316202227	0.338154127	0.262031739	0.297118675	0.307408154	0.346774862	0.318951097	0.373286072	0.362823728
0.229490585	0.272792673	0.272616029	0.183250106	0.156703035	0.255330347	0.20633613	0.170689646	0.20664098	0.228498285	0.135191897	0.141058081	0.327559289	0.113269447	0.138264502	0.299361945
1.86415164	2.425939972	2.70875335	2.723729837	1.802550142	3.257370204	3.484336654	1.966843364	3.186889165	1.756091711	3.307484308	2.758175118	3.910753483	4.283366178	3.329791216	4.194096271
0.790877169	0.769646445	0.711893636	0.708796145	0.710825021	0.659898034	0.546201388	0.702998136	0.531683753	0.661467402	0.742107275	0.568659504	0.613281463	0.892764836	0.795079376	0.555868744
];

