%mlepars_UC_tot
function y=mlepars_UC_tot(No)
y=[
0.002930551	0.00212647	0.001616249	0.002187279	0.004120765	0.002414342	0.002309096	0.005002704	0.005447234	0.006192563	0.001790317	0.002024959	0.002820925	0.00291274	0.004202698	0.002194745
0.000497065	0.000435254	0.000486726	0.000493867	0.000431621	0.000457679	0.000422599	0.000495817	0.000449353	0.000416126	0.00054945	0.000446873	0.000532188	0.000667144	0.000648572	0.000498803
0.004854297	0.005099431	0.004269703	0.004516489	0.00459354	0.003851917	0.003792493	0.004700128	0.004215062	0.004285998	0.004844806	0.004039677	0.003513213	0.003999171	0.004574914	0.004619609
0.00325151	0.003541653	0.003584885	0.003225077	0.003064134	0.003178614	0.00365746	0.003454072	0.002974054	0.002699203	0.003777894	0.002666265	0.002542813	0.002550254	0.003391173	0.003147059
0.00025778	0.000251456	0.000292212	0.000257911	0.00025563	0.000286296	0.000274247	0.000287268	0.000218075	0.000222748	0.000196338	0.000238972	0.000236155	0.000220625	0.000297558	0.000287208
4.98E-06	4.44E-06	5.42E-06	5.48E-06	5.27E-06	4.72E-06	4.88E-06	4.30E-06	4.61E-06	4.84E-06	4.70E-06	5.33E-06	5.19E-06	4.89E-06	4.80E-06	5.27E-06
0.295532283	0.268060292	0.316484249	0.338135395	0.315642972	0.378915344	0.416138096	0.349134216	0.340005753	0.382385412	0.292916748	0.354311066	0.305159134	0.371289073	0.33086847	0.376349436
0.093917774	0.096785842	0.090188084	0.113068161	0.098096194	0.089475005	0.098100143	0.098266352	0.093829623	0.100418696	0.095526003	0.094820482	0.10090008	0.101667956	0.099694677	0.090986943
0.39014728	0.391114273	0.416486232	0.401761328	0.453139544	0.39545392	0.405823459	0.473199987	0.472486818	0.444398645	0.394303759	0.42942149	0.437431622	0.470744025	0.401406501	0.463493268
0.004066069	0.003953673	0.004331631	0.004162564	0.003978496	0.004583027	0.004459656	0.004149823	0.004903123	0.004049058	0.0039548	0.003393128	0.004055042	0.004215506	0.004287164	0.00420179
0.35275402	0.348168012	0.30010288	0.311236418	0.369016525	0.312137449	0.316076164	0.406393717	0.359475241	0.342585049	0.352327737	0.315745544	0.343981192	0.337245672	0.337862716	0.349257619
0.098495674	0.099684084	0.081777152	0.112494554	0.10601003	0.095202431	0.119583212	0.093353945	0.105525591	0.101941926	0.10691256	0.097022202	0.104794062	0.092836817	0.102800834	0.086808553
0.498177129	0.51163332	0.534750029	0.487125275	0.503392078	0.490720715	0.505738301	0.498162361	0.503684664	0.509627125	0.511838707	0.478170791	0.502000263	0.47968823	0.484736987	0.513839012
0.275153992	0.28725598	0.339055954	0.306304425	0.287637874	0.347991394	0.369407937	0.29792951	0.311141031	0.256617435	0.306669369	0.311757309	0.362350308	0.341474927	0.333599041	0.323523005
0.249508005	0.24393485	0.233724207	0.17180371	0.158448952	0.215589436	0.205534473	0.159208044	0.157752033	0.248759062	0.177052756	0.149836958	0.176809616	0.118390436	0.122024549	0.24782872
2.244701331	2.770935541	2.801878437	3.365101745	1.93145798	3.701830716	3.914461981	2.079710852	3.029974696	1.742380421	2.833396161	2.634781451	4.308473225	3.02816731	2.515273361	3.920735053
0.781013516	0.793368159	0.715391986	0.654832663	0.732534866	0.675821598	0.620482223	0.687668917	0.525193107	0.615893977	0.735994247	0.587698064	0.595534987	0.669747829	0.79665435	0.602896679
];

