%mlepars__UW
function y=mlepars_UW_tot(No)
y=[
0.002784912	0.002266231	0.001108104	0.001853695	0.002573838	0.001771488	0.001035186	0.002997868	0.002109263	0.004541789	0.000914792	0.001297393	0.001753857	0.000467909	0.000238836	0.000715575
0.000384288	0.000376407	0.000437768	0.000514379	0.000431801	0.000441727	0.000516644	0.000342414	0.000470141	0.000437515	0.000502672	0.000394352	0.000541801	0.000772195	0.000709899	0.000474999
0.005032947	0.004714576	0.004495131	0.004829666	0.004522213	0.004290522	0.003622973	0.004374827	0.00455404	0.004001613	0.004960016	0.004579183	0.003970188	0.00338753	0.004759301	0.003612382
0.003502282	0.003514448	0.003420236	0.002881694	0.003553535	0.003250743	0.002987229	0.003862003	0.003545408	0.002896202	0.003794242	0.002817622	0.002725233	0.003636335	0.004274904	0.004027579
0.000252049	0.000306922	0.000283092	0.000197134	0.000237285	0.000273611	0.000298761	0.000337483	0.000259479	0.00023819	0.000285971	0.000267619	0.000223102	0.000203	0.000295766	0.000346451
5.56E-06	5.33E-06	4.77E-06	5.59E-06	4.66E-06	4.89E-06	5.86E-06	5.56E-06	5.27E-06	5.39E-06	4.45E-06	4.46E-06	5.63E-06	4.09E-06	5.63E-06	3.68E-06
0.23993436	0.297572756	0.286021357	0.339513971	0.296359606	0.287481821	0.323431731	0.382020759	0.348943879	0.35925719	0.354839766	0.304932952	0.3957295	0.302995335	0.401210291	0.367180746
0.096899896	0.096174953	0.092452584	0.095793609	0.097884648	0.092285367	0.104890712	0.115337896	0.095078484	0.096326629	0.093150482	0.090984064	0.107324207	0.0938939	0.090966086	0.084995079
0.418233521	0.358383146	0.451484593	0.455871228	0.446731344	0.444412791	0.374266134	0.481157332	0.437521518	0.442961281	0.331317609	0.432868489	0.457771477	0.42832988	0.371222384	0.408939488
0.004305427	0.004797934	0.004113344	0.004814222	0.004505151	0.004468922	0.005423981	0.003792187	0.003755696	0.004524893	0.004231322	0.003371631	0.004919273	0.004530816	0.00495052	0.004531564
0.373168408	0.340375315	0.349120479	0.328370968	0.314428786	0.349367336	0.332149371	0.393310015	0.316632256	0.321787999	0.348587292	0.359223221	0.349971525	0.301138256	0.30056599	0.43607759
0.114492006	0.092955259	0.098566318	0.104831053	0.088519601	0.099233194	0.069456717	0.096950384	0.118657367	0.115809941	0.118013633	0.105873603	0.08393063	0.117152565	0.133244905	0.094064842
0.504262486	0.488592549	0.503522694	0.513922897	0.522482433	0.529559139	0.503008393	0.508656247	0.483789143	0.498276911	0.486599866	0.495402402	0.487511873	0.554030573	0.426562598	0.509942455
0.278675007	0.310713039	0.341982069	0.314737804	0.258381942	0.33678363	0.367899191	0.359682447	0.318593657	0.290922587	0.322428923	0.294972844	0.327585272	0.321470577	0.296692808	0.328823788
0.246351466	0.250315246	0.303459261	0.235609114	0.170078471	0.234220851	0.258337531	0.195103618	0.194582249	0.21217036	0.154497723	0.238382368	0.151575794	0.11962813	0.15613658	0.352445554
2.005758098	2.078631893	2.774309442	3.369082766	1.960500106	3.243329259	3.649966473	2.195932549	2.434377735	1.782677984	2.965810117	2.509971831	3.472738137	3.687111491	3.842011555	3.157619313
0.781457551	0.816221999	0.745923434	0.589888297	0.768692603	0.651718359	0.634789689	0.762958262	0.678978687	0.61850541	0.792414179	0.57372821	0.497220376	0.868661645	0.848845416	0.685959126
];

