%parameters_CW
function y=mlepars_CW_tot(No)
y=[
0.003662952	0.002089666	0.001853393	0.003490739	0.007880075	0.001693112	0.002519659	0.003426234	0.001887611	0.003381791	0.0010766	0.001088491	0.001562591	0.000634273	0.001032109	0.000836005
0.000532876	0.000401484	0.000489237	0.000432273	0.000393121	0.000441199	0.00046477	0.000530827	0.000465369	0.000330132	0.000667065	0.000365506	0.00055067	0.000702567	0.000645164	0.000292527
0.005097468	0.005087966	0.004378331	0.004775632	0.004906447	0.004346974	0.004169369	0.004933244	0.004548665	0.004423111	0.005095739	0.004972552	0.004044458	0.004088476	0.004872976	0.004299313
0.003456865	0.003532555	0.003205062	0.002947596	0.003054159	0.00334	0.003228461	0.002839854	0.003408552	0.002831693	0.003667598	0.003664572	0.002905371	0.002418753	0.003728699	0.003836673
0.000247805	0.000243088	0.000240633	0.000258667	0.00025087	0.000338403	0.000298798	0.000221339	0.000256641	0.000252379	0.000199062	0.000338046	0.000328362	0.00023215	0.000253882	0.000352452
5.24E-06	3.84E-06	5.51E-06	4.10E-06	4.42E-06	5.47E-06	5.71E-06	3.93E-06	4.71E-06	5.00E-06	4.16E-06	5.44E-06	4.45E-06	4.52E-06	4.95E-06	4.40E-06
0.255490779	0.27691553	0.314808234	0.288015349	0.308686737	0.311982235	0.299935586	0.28955215	0.382148656	0.344336092	0.279963477	0.356659898	0.388604116	0.299912344	0.237527013	0.341562162
0.099621143	0.098994853	0.097546058	0.097833758	0.092268989	0.095060302	0.098453332	0.10357216	0.10507977	0.097213446	0.096184848	0.108188627	0.089975636	0.106723024	0.07423883	0.092423526
0.414590923	0.384897234	0.420886689	0.450510283	0.456686305	0.402267295	0.436785147	0.478711843	0.481178508	0.429481315	0.393633679	0.415097654	0.386808612	0.518325978	0.397795994	0.354405332
0.003711345	0.004550331	0.004289427	0.004451825	0.004218185	0.005170361	0.00470069	0.004680295	0.003865031	0.00438664	0.004297304	0.004662162	0.004499036	0.004953343	0.004718507	0.003829015
0.331009827	0.338415505	0.336862007	0.342725247	0.358626438	0.341225732	0.30584295	0.365872662	0.306986471	0.351068234	0.301322454	0.327556387	0.321465365	0.369544388	0.297028246	0.444676721
0.107824967	0.089749488	0.091611131	0.103511737	0.094105304	0.095305247	0.096451498	0.100374141	0.107558904	0.102287847	0.109253452	0.112880539	0.103515176	0.10753115	0.103289817	0.100564559
0.482599166	0.485732174	0.493890524	0.52064066	0.511431694	0.510048866	0.54548015	0.529464947	0.495305834	0.49203009	0.516124526	0.532733769	0.500921953	0.474812683	0.522988329	0.396269202
0.259917681	0.302356314	0.338569708	0.358381359	0.267999029	0.396330197	0.310475443	0.365119373	0.289433155	0.250003522	0.27785813	0.355422054	0.343282976	0.286855642	0.366379507	0.364258566
0.218878	0.251886184	0.269830787	0.227311925	0.191436929	0.335533434	0.298214367	0.15445918	0.267144069	0.228261261	0.129113965	0.149040982	0.186275668	0.122344386	0.175873511	0.260471963
1.814026189	2.813945958	2.685607435	2.905554913	1.65914179	3.328363785	3.082478099	1.98364541	3.153732638	1.847438101	2.862871083	2.258462718	3.303121593	3.848479461	3.918305227	3.734699256
0.805823106	0.748732251	0.654460058	0.648447449	0.768898557	0.705701693	0.556788898	0.729783108	0.650234738	0.728120672	0.806590101	0.781249868	0.769455526	0.794724616	0.796710325	0.77661904
];

