%observed heterotrophic soil respiration
%days	UC UW CC CW			
function y=soil_resp_hetero(No)				
y=[				
10	0.391733333	0.3984	0.241988	0.28942
92	0.519366667	0.42035	0.447066667	0.33285
106	1.308475	1.170924	0.918525	0.868525
128	1.688633333	2.078466667	1.47378	1.714366667
141	1.956716667	2.3932	1.962416667	1.92764
162	3.2951	3.128525	3.074933333	3.47224
175	2.60952	3.141033333	2.6649	2.54304
200	2.625766667	2.69115	2.3447	2.3716
206	3.123666667	2.640866667	3.49786	2.386475
208	1.833416667	1.764783333	1.6784	1.370925
212	2.71446	3.19635	2.4484	2.6196
228	3.39666	3.21302	2.88406	2.83178
235	2.30495	2.3205	1.84675	1.85995
249	1.62735	1.844766667	1.28992	1.360975
268	1.609683333	1.801433333	1.39615	1.38706
289	0.69278	1.01449	0.81076	0.759633333
312	0.634925	0.9	0.5297	0.581025
324	0.618075	0.4902	0.5609	0.49015
346	0.446	0.76104	0.49325	0.7228
354	0.51475	0.76825	0.4875	0.5998
410	0.542333333	0.545333333	0.588	0.6787
436	0.96	0.747	0.5555	0.46435
466	1.12	1.1	0.8145	1.05432
508	2.43	2.246666667	2.027	2.16
534	3.24	3.194	3.1425	3.132
557	2.613333333	2.713333333	2.488333333	2.158
592	2.313333333	2.244	1.912	1.72
634	1.978	2.54875	1.822	1.954
662	1.0175	1.06675	1.0216	0.6946
691	0.738666667	0.818	0.766	0.53
724	0.4338	0.3332	0.418	0.306666667
759	0.2235	0.147	0.220333333	0.245
771	0.3725	0.351466667	0.2675	0.33375
802	0.52965	0.67564	0.5006	0.454
823	1.0085	1.1016	0.862666667	0.594
860	1.562	2.136666667	1.264833333	1.402
897	2.378	3.05	2.013333333	2.71
928	2.568333333	2.092	2.2	1.9476
968	2.401666667	2.852	2.311666667	2.762
991	1.978333333	2.1025	1.294666667	1.785
1024	0.9815	1.03025	0.6968	0.9105
1068	0.48	0.351416667	0.238	0.36
1094	0.429	0.428	0.4988	0.4702
1121	0.257325	0.491333333	0.3095	0.37304
1147	0.7295	0.592	0.6604	0.5276
1200	0.959333333	0.9452	0.876166667	0.7722
1213	1.174777778	1.1136	0.996	0.9752
1243	1.8875	2.603	2.051666667	2.7024
1267	2.5	2.68	2.116666667	2.965
1284	3.481666667	4.094	2.01	3.174
1309	2.445	2.636	1.895833333	2.322
1332	2.858	3.4136	2.132	3.546
1362	2	2.758	1.064	1.65
1394	0.7762	1.0344	0.69875	1.0272
1420	0.5094	0.4909	0.545	0.53192
1459	0.3512	0.246166667	0.293666667	0.33
1490	0.348333333	0.485	0.38675	0.4246
1515	0.4085	0.50475	0.516333333	0.553125
1547	0.6368	0.5804	0.428	0.539
1577	0.9094	0.9214	0.894833333	0.756
1596	1.386	1.50575	1.0155	1.36675
1610	3.075	2.732	1.4612	2.3725
1637	2.816	2.8348	2.195	2.2875
1658	2.12	2.0932	1.41475	1.995
1673	2.2695	1.9714	1.852833333	2.578
1711	2.093333333	1.842	1.468833333	1.760666667
1741	1.314166667	1.65775	1.221333333	1.819333333
1775	0.6545	0.695	0.5458	0.961
1817	0.232333333	0.3122	0.116933333	0.2446
1843	0.259	0.35325	0.231375	0.4105
1880	0.4085	0.50475	0.56225	0.553125
1891	0.4306	0.5734	0.6094	0.4942
1927	0.6124	0.8594	0.792666667	1.187833333
1944	1.363333333	1.878333333	1.431	1.765533333
1974	1.197333333	2.3092	1.062	1.45472
1997	2.82	2.68	2.116666667	3.276
2023	3.018	3.595	2.918333333	2.955
2062	2.453333333	3.218333333	2.413333333	2.575
2103	1.604	2.191666667	1.836666667	2.182
2129	0.723	0.849	0.719	0.899833333
2178	0.2665	0.3786	0.2755	0.3835
2208	0.24475	0.35325	0.21765	0.4105
2251	0.3805	0.4012	0.4134	0.337
2281	1.08575	1.285	1.02	1.116333333
2311	0.703666667	1.0405	0.733333333	0.819166667
2345	2.4895	3.01	2.586666667	2.5775
2365	3.183333333	3.388	2.261666667	2.8525
2390	2.806666667	3.9475	2.236	2.925833333
2424	1.692	2.446	1.347666667	2.068
2460	1.1555	1.338333333	1.138166667	1.352166667
2494	0.490666667	0.506833333	0.541	0.4974
2525	0.22	0.2286	0.2198	0.232966667
2555	0.22	0.2286	0.2198	0.232966667
2638	0.7148	0.615833333	0.5412	0.714833333
2683	1.46	1.555	1.27	1.423333333
2703	1.705833333	2.176666667	1.583166667	1.58
2731	2.53	3.03	1.528	2.635
2750	2.34	2.751666667	2.175	2.295666667
2780	2.081666667	2.58	1.796666667	1.878333333
2796	1.96	2.233333333	1.413333333	1.925
2856	0.699666667	0.836666667	0.609	0.70475
2968	0.19	0.215	0.146666667	0.172
2997	0.42	0.613333333	0.393333333	0.558
3037	0.836	1.3575	0.85	1.366
3057	1.47	2.474	1.285	1.412
3079	1.913333333	2.32	1.825	1.88
3101	2.94	3.72	2.351666667	2.871666667
3124	2.756	2.875	1.98	2.29
3184	1.282	1.996666667	1.162	1.355
3242	0.38	0.263333333	0.412	0.358333333
3276	0.2075	0.19	0.223	0.265
3307	0.17	0.3325	0.23	0.351666667
3338	0.226666667	0.346666667	0.385	0.412
3367	0.5225	0.62	0.58	0.46
3403	0.912	1.146	0.888	0.77
3431	1.594	2.035	1.516	1.768333333
3448	1.496666667	2.071666667	1.743333333	2.0676
3468	1.076666667	1.518333333	1.521666667	1.422
3489	0.861666667	0.652	0.938	0.8672
3510	1.496	2.334	1.496	3.136
3531	1.001666667	1.296666667	1.316	1.06
3551	1.105	1.275	1.002	1.12
3576	0.621666667	0.812	0.481666667	0.358333333
3601	0.256666667	0.488333333	0.266	0.346
3629	0.2275	0.295	0.262	0.265
3665	0.184	0.258333333	0.192	0.224
3700	0.32	0.35	0.184	0.2225
3723	0.346	0.57	0.403333333	0.6025
3762	1.326666667	1.945	1.343333333	1.571666667
3790	1.888333333	2.505	1.3844	2.418333333
3819	2.471666667	2.593333333	2.665	2.935
3853	1.813333333	1.528333333	1.176	1.576666667
3886	1.378333333	1.416666667	1.216666667	1.496
3916	0.868333333	0.873333333	0.65	0.771666667
3952	0.578333333	0.563333333	0.406	0.528
3972	0.44	0.485	0.476	0.498333333
4003	0.334	0.341666667	0.338	0.318
4035	0.2325	0.23	0.206666667	0.282
4077	0.215	0.226666667	0.2175	0.31
4105	0.87	1.276666667	1.1475	1.135
4133	0.895	0.99	0.78	1.9525
4164	1.766	1.894	1.835	2.126666667
4168	1.05	1.856	1.468	1.865
4190	2.41	2.006666667	1.916666667	2.265
4228	3.291666667	3.3075	2.708	3.308333333
4265	2.191666667	2.094	1.808333333	2.014
4297	1.163333333	1.268	0.908333333	1.238
4392	0.178	0.196666667	0.24	0.313333333
4429	0.2575	0.222	0.3	0.386666667
4479	0.665	0.858333333	0.96	1.2
4516	1.351666667	1.29	1.128	1.6975
4532	3.5125	2.502	2.618	2.812
4566	4.213333333	2.683333333	2.798	2.623333333
4656	0.643333333	0.57	0.43	0.494
4685	0.7	0.73	0.6175	0.755
4761	0.298	0.415	0.05	0.365
4789	0.282	0.2725	0.306666667	0.284
4832	0.722	0.605	0.496	0.883333333
4860	1.515	1.976666667	1.846	2.1425
4906	2.8144	3.268333333	3.044	3.422
4955	3.756666667	4.218333333	4.14	5.126666667
4992	2.145	2.97	2.306	2.508
5037	0.976	0.9175	1.056666667	0.978
5062	0.7725	1.562	1.196666667	1.182
5090	0.405	0.635	0.403333333	0.58
5137	0.496666667	0.5825	0.213333333	0.293333333
5160	0.716	0.88	0.475	0.756666667
5191	0.688333333	0.794	0.711666667	0.735
5223	0.865	2.02	0.843333333	1.28
5270	3.3125	4.9175	2.6325	4.1825
5309	4.204	3.765	4.1425	4.756
5347	2.9025	3.136	2.8875	2.846666667
5375	2.722	2.345	2.694	2.521666667
5411	1.125	1.7325	1.32	1.201666667
5431	1.028	1.13	1.208333333	1.175
5472	0.4875	0.68	0.69	0.5925
5501	0.23	0.322	0.1075	0.346
5537	0.505	1.346666667	0.703333333	1.04
5565	0.505	1.346666667	0.703333333	1.04
5589	1.2275	1.4125	1.478	1.693333333
5620	2.3375	2.4875	2.373333333	2.618
5655	2.59	3.188	2.8825	2.61
5676	3.76	5.266666667	3.835	3.4875
5702	3.8125	4.61	3.534	5.0825
5738	2.315	1.685	2.715	3.246666667
5750	1.5275	2.1325	1.434	1.482
];