%soilC from collar
function y=soil_UnClip_(No)
y=[
1	3375.268098	2255.257423
3173	3017.733487	1929.968325
];

