%soilC from collar
function y=soil_Clip_total(No)
y=[
4015	0	0	3256.260581	3140.069304
5110	0	0	3088.352917	2975.565143
];

