%soilC 
function y=soil_UnClip_total(No)
y=[
1	3005.407458	2951.397379
365	2903.628865	2988.435411
730	2936.825417	3114.289427
1095	2991.439633	3086.85116
1460	3006.395104	2965.190459
2190	2939.372098	2824.257597
2555	2882.245659	2859.331481
4015	3915.607888	3327.054216
5110	3609.715995	3072.195018
];

