%x0_CW
function y=x0_CW_het(No)
y=[
207.918269	394.2997894	188.0782481	298.8176293	255.4780421	214.3614179	237.3146597	329.9723768	330.808255	279.1974533	355.4944238	325.5359971	281.7189347	317.4277626	283.6962936	252.491875
163.4798418	173.2317354	133.6314993	191.66727	149.7225196	174.7147442	140.8754089	206.4967955	153.4149357	148.989305	158.315087	195.3424263	178.2519621	179.7000463	173.2467853	198.7823869
1731.948654	1521.277923	1662.705321	1503.136744	1669.763904	1851.425941	1676.307725	1689.525639	1659.819018	1586.21234	1379.805369	1813.522668	1485.471258	1765.022309	1578.649028	1729.547743
2358.356334	2088.359433	2035.249231	1940.61918	2214.910856	1948.762366	2280.546108	2253.000116	2240.18161	2335.041581	1946.009103	1756.418778	2372.254421	2329.415479	2375.904804	2165.080179
];

