%x0_CC
function y=x0_CC_tot(No)
y=[
473.8770928	322.9357811	343.1699178	348.4849543	345.8040783	379.6320631	385.2740362	297.9674051	320.593155	247.6788755	175.6138572	376.8404782	252.3243346	335.5851146	364.9780435	321.9497646
422.1328156	320.3689361	342.269754	184.7732725	175.8874851	200.3789951	228.0940574	174.7584447	208.6752718	402.6549527	110.9206164	96.35615519	295.9783039	83.38685021	129.3866434	441.4851221
358.926103	380.1853979	320.7363468	286.0674501	291.9854241	272.1828454	299.0927521	333.7967954	322.2277609	290.2273295	420.2255993	294.5595465	281.7258762	295.3096773	264.6161865	403.188422
183.3280322	186.6485137	177.7677757	190.5688952	181.9108442	197.840981	187.2101061	210.8079438	195.4257742	190.7765276	198.029415	183.0366324	179.147199	203.1697284	207.6903445	202.2304466
1522.173078	1644.508547	1846.390492	1612.749128	1559.30346	1627.558554	1661.59517	1657.848542	1519.564494	1659.89704	1517.797795	1915.555129	1491.973598	1216.067092	1839.192554	1811.617213
1878.545348	2116.613443	2528.692626	2082.193161	2497.654512	2527.939966	2569.314912	2416.126855	2259.013965	2248.767707	1645.618853	2295.042719	2481.81537	1870.342141	1976.770211	2479.949937
];

