%x0_CC
function y=x0_CC_het(No)
y=[
164.4996977	337.3840176	251.413206	334.7041957	287.4987697	225.2833892	284.9591916	288.7366928	332.2858841	264.5625321	335.1283758	266.9169654	224.9323091	330.2207746	176.1940692	321.9898555
170.777687	169.7043176	170.2946593	217.4562344	169.8387822	148.8995768	200.0371898	179.358983	191.7383542	149.1866684	172.6087712	164.3211198	212.2792782	209.0615566	140.821531	168.4183339
1610.826551	1465.686844	1732.993925	1685.703817	1707.483556	1889.21495	1709.495515	1733.323795	1598.071812	1538.101741	1403.907374	1797.214462	1351.407648	1654.590811	1577.437087	1391.867749
2285.433939	2344.799316	2227.365948	2284.285204	2100.065008	2127.512835	2096.832003	2391.393272	2203.890784	2186.414102	2280.718684	2180.779864	2173.861502	2120.228434	2353.209457	2200.961156
];

