%x0_CW
function y=x0_CW_tot(No)
y=[
522.8212237	385.8390296	503.7938136	334.6481003	401.7167554	360.5468578	472.3172769	450.9616118	305.6281543	310.6746611	313.8364621	431.8628709	323.6358988	356.6766788	400.0614756	359.1772979
484.1549754	399.4498373	517.7257314	337.3976599	261.192361	554.4551927	363.4040008	519.9472514	494.2199344	373.1452085	95.96152204	126.3680399	164.1528871	85.17646649	270.3170704	622.6785519
426.9002236	415.9673435	330.7981527	341.630425	290.8172694	229.7942502	322.7492233	391.7419734	391.6550599	303.7631323	439.3951377	414.3859379	199.1636544	305.4238407	429.1455758	397.5646063
200.3845666	174.1105003	217.2958694	184.7337519	165.0863585	152.828046	209.8628958	208.5319321	197.4058728	202.2566342	174.161349	163.378136	155.9863479	145.5990357	237.3582432	167.9548304
1674.555011	1357.630595	1927.012366	1733.588317	1709.164024	1958.409939	2134.459119	1632.15204	1937.550923	1823.11824	1540.253413	2039.303633	1990.216811	1562.914868	1381.110186	2098.101081
2504.919745	2489.78396	2204.56629	2142.556677	2097.912665	1951.048557	2438.795734	2601.254106	2852.870809	2253.538588	1652.010864	2181.10372	1511.930249	1401.330254	2323.311789	2766.854536
];

