%x0_UW
function y=x0_UW_tot(No)
y=[
371.4310503	459.6287256	393.1761417	405.8497309	356.6806571	402.8589493	267.5952389	504.3600717	187.2799753	343.3219643	282.4227666	369.1963756	267.1788953	374.864775	494.3534877	394.8039938
458.6617389	516.7492202	468.341977	330.215101	197.7245659	414.552886	387.227822	309.028329	378.5373747	378.3287759	144.3832819	259.0902712	162.9139784	102.2745505	369.8668282	478.6071948
416.1779437	383.99366	316.0127434	403.3491857	336.3014698	359.2694244	320.6786304	165.1091826	413.2523794	376.7571501	370.6322837	424.6968615	292.6969788	208.2229904	381.4259123	392.7515912
214.8238319	223.048757	217.9341635	181.6454742	229.0478218	184.188082	193.0015921	193.3005167	213.1342023	184.8277292	186.5351147	188.5701343	177.3538574	205.3433641	189.2095389	237.1500539
1445.341606	1704.185894	1597.461521	1382.16801	1991.902002	1123.336556	1524.102751	1972.902433	2078.287015	1617.110693	1351.619617	1825.464182	1907.367608	1541.402513	2122.962435	1513.411773
2589.634338	1452.24747	1545.544419	1421.464803	2361.984828	1648.184045	1457.313884	2237.528557	1991.83974	2584.563347	2110.738867	2431.484852	2280.229429	1733.658524	2453.720657	2512.786572
];

