%x0_UC
function y=x0_UC_tot(No)
y=[
369.3112902	323.6559426	418.4124108	457.3171428	346.1641183	339.6286549	306.4944106	365.1642516	358.3948448	320.8884195	224.0901253	463.6930021	459.4783559	470.6025305	400.8445007	461.4852183
398.2210915	390.0294879	555.5700141	206.3997385	142.2481778	213.065846	185.8624369	192.9164677	227.1484255	325.9926751	118.6503535	141.0843316	171.6376157	81.76619509	85.85641546	545.2613558
353.0850137	402.1927509	358.8739329	320.6066353	378.1283545	290.5562441	271.8898927	355.2496318	265.9933893	308.686063	429.1020789	344.8464392	237.5183743	314.8008688	331.8162281	255.7024722
220.8537945	204.1401855	194.5994297	206.571945	188.9673488	141.2267587	180.9366935	175.7858705	181.0465768	170.61527	221.6976555	211.999399	168.6956253	87.01620864	211.8827457	182.39162
1695.896785	1303.521523	1412.048068	1430.717508	1609.4849	1391.410208	1287.011109	1629.34606	1599.084117	1564.179439	1353.38175	1762.6828	1644.310688	1696.987933	1934.312336	1755.530218
2147.517257	1527.66401	1540.98261	1477.582626	2579.784856	1572.998996	1567.882259	2450.876914	2206.527652	2661.228689	2454.880077	2890.465564	2181.343833	1831.263563	2040.172998	2458.533855
];

