%x0_UC
function y=x0_UC_het(No)
y=[
303.7244794	375.3934898	193.1372344	247.4586269	262.0022168	235.6207291	247.0313448	308.2767946	294.2579912	181.2414898	332.8703231	189.8998647	227.8899736	301.4859775	241.2017451	299.4661889
171.5052711	186.9075784	169.3153435	180.0992497	178.5409071	155.583119	158.5932462	176.2524266	158.3709527	147.0739071	192.2099591	114.8459563	152.4540099	208.9130778	173.1137502	171.7919844
1430.116376	1497.811289	1965.797147	1837.443746	1454.847068	1584.639883	1627.899865	1568.625717	1181.902731	1573.063404	1472.165093	1702.388091	1435.982372	1526.99922	1636.814841	1595.083786
1801.263346	2286.430532	2230.982656	2233.256967	2190.59286	2373.328588	2388.645326	2312.707661	1576.781655	2132.077608	2141.487241	2496.734087	2307.519069	2217.504824	2389.545662	2122.813695
];

