%x0_UW
function y=x0_UW_het(No)
y=[
390.0044496	306.9853676	306.3914823	232.4997511	317.410234	289.2617936	246.6859661	209.4394272	283.6026413	240.2104919	381.3919129	297.9234126	299.5320961	302.0369791	316.0821048	385.3410732
162.3094401	174.7690317	191.4205483	167.2157737	207.3734729	201.7002104	157.5170269	153.3460111	209.8892703	161.0500637	152.785949	159.1510941	189.818413	148.2539584	174.605336	184.4780411
1033.146388	1720.491765	1808.920184	1582.035706	1780.836792	1611.621311	1832.347214	1710.047712	956.507765	1420.754976	1453.428738	1720.00931	1446.854326	1989.194089	1899.909085	1774.282363
1218.714216	2029.265293	1912.118734	2381.061445	2434.438872	2086.907768	2512.961335	2257.908704	1175.39131	2649.913117	2359.038406	2154.036953	2371.099807	2141.48812	2247.648392	2286.614418
];

